500
17
17
17
12
7
14
4
16
17
6
3
15
7
11
5
14
5
6
6
12
6
17
18
17
16
17
1
11
2
4
6
2
5
12
17
10
13
17
16
6
14
3
7
9
2
6
9
20
7
5
20
13
7
1
14
10
20
11
8
7
7
14
2
19
1
11
16
8
2
6
20
9
20
7
13
5
12
1
8
20
16
20
12
17
10
6
10
1
14
9
8
16
12
18
6
1
9
19
12
20
6
10
6
17
7
1
4
7
12
2
9
13
6
6
6
10
4
15
16
7
12
2
5
19
2
10
12
4
13
2
13
11
16
6
9
20
12
20
11
12
17
14
5
8
20
8
17
18
16
9
16
10
13
11
10
18
5
2
18
10
8
9
19
7
15
19
20
17
16
1
10
4
20
17
20
1
11
3
20
9
18
14
5
5
19
10
6
13
2
1
10
2
11
10
2
20
11
18
2
17
1
6
19
18
10
4
17
5
12
6
6
8
13
14
2
3
20
11
18
16
12
6
5
11
8
2
12
20
19
17
18
7
6
3
11
20
2
15
11
5
14
15
14
6
2
16
11
12
7
6
16
16
14
7
20
3
5
2
10
14
18
8
7
14
10
20
2
3
19
4
6
10
20
11
3
18
8
16
19
1
15
18
19
2
18
18
15
13
6
2
3
10
18
1
18
17
3
7
13
5
4
5
19
6
11
2
15
17
20
3
13
1
3
1
2
5
17
2
15
17
16
2
4
18
9
12
9
5
4
19
16
1
15
20
19
20
5
11
20
5
10
2
1
20
4
16
9
9
3
17
20
5
16
9
1
18
7
8
17
20
12
6
6
14
9
18
16
5
3
18
3
18
6
8
12
9
3
20
6
13
1
4
9
13
19
3
14
3
15
4
3
6
3
19
14
17
11
13
10
15
14
11
14
13
13
13
2
8
14
18
20
19
10
18
20
15
5
16
6
5
18
1
20
15
9
11
12
15
11
19
19
12
5
17
19
6
1
10
9
12
2
10
11
13
4
1
2
18
6
12
6
6
2
17
6
6
4
5
17
12
4
17
15
14
15
1
5
9
18
20
2
8
17
19
15
9
5
13
9
19
12
20
2
9
15
3
4
20
13
2
17
1
11
15
13
15
20
5
1
16
